0 0.03808593750000006 0.7138671875 0.0003255208333333916 0.7138671875 0.0003255208333333931 0.7509765625 0.03808593750000006 0.7509765625
0 0.1354166666666667 0.57958984375 0.11718750000000004 0.57958984375 0.11718750000000004 0.60400390625 0.1354166666666667 0.60400390625
0 0.18554687500000008 0.5859375 0.1578776041666667 0.5859375 0.1578776041666667 0.6103515625 0.18554687500000008 0.6103515625
0 0.22558593750000008 0.57861328125 0.20377604166666674 0.57861328125 0.20377604166666674 0.599609375 0.22558593750000008 0.599609375
0 0.25846354166666674 0.662109375 0.24088541666666674 0.662109375 0.24088541666666674 0.68896484375 0.25846354166666674 0.68896484375
0 0.2952473958333334 0.67724609375 0.27636718750000006 0.67724609375 0.27636718750000006 0.69091796875 0.2952473958333334 0.69091796875
0 0.3157552083333334 0.5908203125 0.30631510416666674 0.5908203125 0.30631510416666674 0.609375 0.3157552083333334 0.609375
0 0.3427734375 0.5576171875 0.32714843750000006 0.5576171875 0.32714843750000006 0.57958984375 0.3427734375 0.57958984375
0 0.27929687500000006 0.59814453125 0.25358072916666674 0.59814453125 0.25358072916666674 0.6171875 0.27929687500000006 0.6171875
0 0.4488932291666667 0.58740234375 0.431640625 0.58740234375 0.431640625 0.60595703125 0.4488932291666667 0.60595703125
0 0.4908854166666667 0.67578125 0.4733072916666667 0.67578125 0.4733072916666667 0.6865234375 0.4908854166666667 0.6865234375
0 0.5 0.5703125 0.486328125 0.5703125 0.486328125 0.58740234375 0.5 0.58740234375
0 0.5234375 0.55078125 0.5071614583333334 0.55078125 0.5071614583333334 0.5654296875 0.5234375 0.5654296875
0 0.517578125 0.63916015625 0.5026041666666666 0.63916015625 0.5026041666666666 0.65478515625 0.517578125 0.65478515625
0 0.5732421875 0.57421875 0.5595703125 0.57421875 0.5595703125 0.58544921875 0.5732421875 0.58544921875
0 0.5986328125 0.56689453125 0.5823567708333334 0.56689453125 0.5823567708333334 0.58154296875 0.5986328125 0.58154296875
0 0.6337890625 0.5698242187500002 0.6168619791666666 0.5698242187500002 0.6168619791666666 0.5874023437500002 0.6337890625 0.5874023437500002
0 0.6549479166666666 0.5673828125000002 0.6484375 0.5673828125000002 0.6484375 0.5834960937500002 0.6549479166666666 0.5834960937500002
0 0.8076171875 0.5551757812500002 0.78515625 0.5551757812500002 0.78515625 0.5737304687500002 0.8076171875 0.5737304687500002
0 0.7532552083333334 0.5659179687500002 0.7389322916666666 0.5659179687500002 0.7389322916666666 0.5815429687500002 0.7532552083333334 0.5815429687500002
0 0.8125 0.6679687500000002 0.7942708333333334 0.6679687500000002 0.7942708333333334 0.6889648437500002 0.8125 0.6889648437500002
0 0.8740234375 0.6572265625000002 0.845703125 0.6572265625000002 0.845703125 0.6879882812500002 0.8740234375 0.6879882812500002
0 0.8362630208333334 0.5698242187500002 0.8186848958333334 0.5698242187500002 0.8186848958333334 0.5947265625000002 0.8362630208333334 0.5947265625000002
0 0.8893229166666666 0.5576171875000002 0.8688151041666666 0.5576171875000002 0.8688151041666666 0.5786132812500002 0.8893229166666666 0.5786132812500002
0 0.951171875 0.5688476562500002 0.9225260416666666 0.5688476562500002 0.9225260416666666 0.5903320312500002 0.951171875 0.5903320312500002
0 0.9651692708333334 0.6918945312500002 0.9401041666666666 0.6918945312500002 0.9401041666666666 0.7216796875000002 0.9651692708333334 0.7216796875000002