0 0.042235217673814204 0.50341796875 0.000649772579597182 0.50341796875 0.0006497725795971839 0.5478515625 0.042235217673814204 0.5478515625
0 0.09324236517218977 0.5048828125 0.07017543859649127 0.5048828125 0.07017543859649127 0.52490234375 0.09324236517218977 0.52490234375
0 0.18063677712800527 0.56494140625 0.13677712800519823 0.56494140625 0.13677712800519823 0.6142578125 0.18063677712800527 0.6142578125
0 0.34307992202729043 0.56640625 0.2995451591942821 0.56640625 0.2995451591942821 0.60546875 0.34307992202729043 0.60546875
0 0.43892137751786875 0.4809570312500001 0.4051332033788174 0.4809570312500001 0.4051332033788174 0.5205078125 0.43892137751786875 0.5205078125
0 0.5194931773879142 0.5673828125 0.4746588693957115 0.5673828125 0.4746588693957115 0.61669921875 0.5194931773879142 0.61669921875
0 0.5630279402209227 0.4838867187500001 0.5363872644574399 0.4838867187500001 0.5363872644574399 0.51220703125 0.5630279402209227 0.51220703125
0 0.6569200779727096 0.5288085937500002 0.615009746588694 0.5288085937500002 0.615009746588694 0.5776367187500002 0.6569200779727096 0.5776367187500002
0 0.7758284600389863 0.5791015625000002 0.7267706302794023 0.5791015625000002 0.7267706302794023 0.6406250000000002 0.7758284600389863 0.6406250000000002
0 0.8518518518518519 0.5107421875000002 0.8164392462638077 0.5107421875000002 0.8164392462638077 0.5478515625000002 0.8518518518518519 0.5478515625000002
0 0.3521767381416504 0.4423828125000001 0.33300844704353477 0.4423828125000001 0.33300844704353477 0.4716796875000001 0.3521767381416504 0.4716796875000001
0 0.2589343729694607 0.38916015625 0.246588693957115 0.38916015625 0.246588693957115 0.40283203125 0.2589343729694607 0.40283203125