0 0.2825520833333334 0.5927734375 0.2405598958333334 0.5927734375 0.2405598958333334 0.6318359375 0.2825520833333334 0.6318359375
0 0.19303385416666674 0.51025390625 0.1702473958333334 0.51025390625 0.1702473958333334 0.52783203125 0.19303385416666674 0.52783203125
0 0.22135416666666674 0.49462890625 0.20312500000000008 0.49462890625 0.20312500000000008 0.50927734375 0.22135416666666674 0.50927734375
0 0.1897786458333334 0.62841796875 0.14192708333333337 0.62841796875 0.14192708333333337 0.66357421875 0.1897786458333334 0.66357421875
0 0.3369140625 0.57568359375 0.3050130208333334 0.57568359375 0.3050130208333334 0.61328125 0.3369140625 0.61328125
0 0.30371093750000006 0.515625 0.28092447916666674 0.515625 0.28092447916666674 0.53271484375 0.30371093750000006 0.53271484375
0 0.3557942708333333 0.4960937500000001 0.3385416666666667 0.4960937500000001 0.3385416666666667 0.51806640625 0.3557942708333333 0.51806640625
0 0.4934895833333333 0.68603515625 0.4560546875 0.68603515625 0.4560546875 0.72900390625 0.4934895833333333 0.72900390625
0 0.5999348958333334 0.62255859375 0.5546875 0.62255859375 0.5546875 0.66943359375 0.5999348958333334 0.66943359375
0 0.5247395833333334 0.568359375 0.5107421875 0.568359375 0.5107421875 0.60595703125 0.5247395833333334 0.60595703125
0 0.6402994791666666 0.5883789062500002 0.62109375 0.5883789062500002 0.62109375 0.6264648437500002 0.6402994791666666 0.6264648437500002
0 0.7067057291666666 0.6303710937500002 0.6617838541666666 0.6303710937500002 0.6617838541666666 0.6733398437500002 0.7067057291666666 0.6733398437500002
0 0.8564453125 0.6430664062500002 0.8089192708333334 0.6430664062500002 0.8089192708333334 0.6987304687500002 0.8564453125 0.6987304687500002
0 0.9309895833333334 0.6293945312500002 0.8802083333333334 0.6293945312500002 0.8802083333333334 0.6821289062500002 0.9309895833333334 0.6821289062500002
0 0.9970703125 0.5932617187500002 0.9547526041666666 0.5932617187500002 0.9547526041666666 0.6425781250000002 0.9970703125 0.6425781250000002
0 0.490234375 0.4843750000000001 0.4703776041666667 0.4843750000000001 0.4703776041666667 0.4995117187500001 0.490234375 0.4995117187500001
0 0.6149088541666666 0.4916992187500001 0.6070963541666666 0.4916992187500001 0.6070963541666666 0.5097656250000002 0.6149088541666666 0.5097656250000002
0 0.6507161458333334 0.4887695312500001 0.6435546875 0.4887695312500001 0.6435546875 0.5043945312500002 0.6507161458333334 0.5043945312500002