0 0.034830729166666734 0.74755859375 0.00032552083333339436 0.74755859375 0.0003255208333333959 0.78466796875 0.034830729166666734 0.78466796875
0 0.13867187500000003 0.6083984375 0.1178385416666667 0.6083984375 0.1178385416666667 0.63427734375 0.13867187500000003 0.63427734375
0 0.19140625000000008 0.61572265625 0.16113281250000003 0.61572265625 0.16113281250000003 0.640625 0.19140625000000008 0.640625
0 0.2259114583333334 0.61083984375 0.20800781250000008 0.61083984375 0.20800781250000008 0.63427734375 0.2259114583333334 0.63427734375
0 0.25781250000000006 0.69921875 0.23209635416666674 0.69921875 0.23209635416666674 0.72265625 0.25781250000000006 0.72265625
0 0.27604166666666674 0.62890625 0.25260416666666674 0.62890625 0.25260416666666674 0.650390625 0.27604166666666674 0.650390625
0 0.3011067708333334 0.70849609375 0.27734375000000006 0.70849609375 0.27734375000000006 0.7265625 0.3011067708333334 0.7265625
0 0.31510416666666674 0.62548828125 0.30436197916666674 0.62548828125 0.30436197916666674 0.6416015625 0.31510416666666674 0.6416015625
0 0.3434244791666667 0.58935546875 0.3274739583333334 0.58935546875 0.3274739583333334 0.61376953125 0.3434244791666667 0.61376953125
0 0.44921875 0.6220703125 0.4322916666666667 0.6220703125 0.4322916666666667 0.640625 0.44921875 0.640625
0 0.4925130208333333 0.71044921875 0.4729817708333333 0.71044921875 0.4729817708333333 0.724609375 0.4925130208333333 0.724609375
0 0.5006510416666666 0.60595703125 0.4866536458333333 0.60595703125 0.4866536458333333 0.625 0.5006510416666666 0.625
0 0.5234375 0.58349609375 0.5091145833333334 0.58349609375 0.5091145833333334 0.5986328125 0.5234375 0.5986328125
0 0.5732421875 0.6083984375 0.5595703125 0.6083984375 0.5595703125 0.62109375 0.5732421875 0.62109375
0 0.5973307291666666 0.6005859375 0.583984375 0.6005859375 0.583984375 0.61572265625 0.5973307291666666 0.61572265625
0 0.6334635416666666 0.6054687500000002 0.6188151041666666 0.6054687500000002 0.6188151041666666 0.6254882812500002 0.6334635416666666 0.6254882812500002
0 0.6572265625 0.6025390625000002 0.6484375 0.6025390625000002 0.6484375 0.6206054687500002 0.6572265625 0.6206054687500002
0 0.8053385416666666 0.5932617187500002 0.7841796875 0.5932617187500002 0.7841796875 0.6113281250000002 0.8053385416666666 0.6113281250000002
0 0.8349609375 0.6079101562500002 0.8167317708333334 0.6079101562500002 0.8167317708333334 0.6333007812500002 0.8349609375 0.6333007812500002
0 0.7529296875 0.6044921875000002 0.7395833333333334 0.6044921875000002 0.7395833333333334 0.6215820312500002 0.7529296875 0.6215820312500002
0 0.7268880208333334 0.6191406250000002 0.7184244791666666 0.6191406250000002 0.7184244791666666 0.6386718750000002 0.7268880208333334 0.6386718750000002
0 0.8157552083333334 0.7084960937500002 0.7978515625 0.7084960937500002 0.7978515625 0.7299804687500002 0.8157552083333334 0.7299804687500002
0 0.8720703125 0.7016601562500002 0.8489583333333334 0.7016601562500002 0.8489583333333334 0.7299804687500002 0.8720703125 0.7299804687500002
0 0.8916015625 0.5981445312500002 0.87109375 0.5981445312500002 0.87109375 0.6210937500000002 0.8916015625 0.6210937500000002
0 0.9547526041666666 0.6113281250000002 0.9261067708333334 0.6113281250000002 0.9261067708333334 0.6342773437500002 0.9547526041666666 0.6342773437500002
0 0.9700520833333334 0.7358398437500002 0.9443359375 0.7358398437500002 0.9443359375 0.7666015625000002 0.9700520833333334 0.7666015625000002