0 0.09667968750000004 0.43115234375 0.07063802083333337 0.43115234375 0.07063802083333337 0.45654296875 0.09667968750000004 0.45654296875
0 0.1774088541666667 0.439453125 0.16113281250000003 0.439453125 0.16113281250000003 0.45947265625 0.17740885416666674 0.45947265625
0 0.20084635416666674 0.47119140625 0.17154947916666674 0.47119140625 0.17154947916666674 0.50537109375 0.20084635416666674 0.50537109375
0 0.23795572916666666 0.40380859375 0.21516927083333334 0.40380859375 0.21516927083333334 0.43310546875 0.23795572916666666 0.43310546875
0 0.30859375 0.41357421875000006 0.2874348958333333 0.41357421875 0.2874348958333333 0.43505859375000006 0.30859375 0.4350585937500001
0 0.3798828125 0.3666992187500001 0.3636067708333333 0.3666992187500001 0.3636067708333333 0.3833007812500001 0.3798828125 0.3833007812500001
0 0.3805338541666667 0.61083984375 0.32194010416666674 0.61083984375 0.32194010416666674 0.64990234375 0.3805338541666667 0.64990234375
0 0.4182942708333333 0.548828125 0.3997395833333333 0.548828125 0.3997395833333333 0.59326171875 0.4182942708333333 0.59326171875
0 0.5172526041666666 0.52490234375 0.4723307291666667 0.52490234375 0.4723307291666667 0.56494140625 0.5172526041666666 0.56494140625
0 0.6461588541666666 0.6567382812500002 0.6129557291666666 0.6567382812500002 0.6129557291666666 0.7250976562500002 0.6461588541666666 0.7250976562500002
0 0.5511067708333334 0.4213867187500001 0.5221354166666666 0.4213867187500001 0.5221354166666666 0.4526367187500001 0.5511067708333334 0.4526367187500001
0 1 0.6230468750000002 0.9401041666666666 0.6230468750000002 0.9401041666666666 0.6958007812500002 1 0.6958007812500002
0 0.7998046875 0.4077148437500001 0.7783203125 0.4077148437500001 0.7783203125 0.4257812500000001 0.7998046875 0.4257812500000001