0 0.23144531250000008 0.62841796875 0.2024739583333334 0.62841796875 0.2024739583333334 0.65771484375 0.23144531250000008 0.65771484375
0 0.26562500000000006 0.56640625 0.25000000000000006 0.56640625 0.25000000000000006 0.5859375 0.26562500000000006 0.5859375
0 0.7682291666666666 0.7778320312500002 0.7083333333333334 0.7778320312500002 0.7083333333333334 0.8320312500000002 0.7682291666666666 0.8320312500000002
0 0.8238932291666666 0.6533203125000002 0.7877604166666666 0.6533203125000002 0.7877604166666666 0.6870117187500002 0.8238932291666666 0.6870117187500002
0 0.7731119791666666 0.5957031250000002 0.759765625 0.5957031250000002 0.759765625 0.6142578125000002 0.7731119791666666 0.6142578125000002
0 0.7125651041666666 0.5302734375000002 0.69921875 0.5302734375000002 0.69921875 0.5458984375000002 0.7125651041666666 0.5458984375000002
0 0.544921875 0.52099609375 0.533203125 0.52099609375 0.533203125 0.5341796875 0.544921875 0.5341796875
0 0.9918619791666666 0.6040039062500002 0.9703776041666666 0.6040039062500002 0.9703776041666666 0.6396484375000002 0.9918619791666666 0.6396484375000002
0 0.8606770833333334 0.5776367187500002 0.84765625 0.5776367187500002 0.84765625 0.5913085937500002 0.8606770833333334 0.5913085937500002
0 0.5725911458333334 0.56689453125 0.5611979166666666 0.56689453125 0.5611979166666666 0.5830078125 0.5725911458333334 0.5830078125
0 0.6243489583333334 0.5537109375000002 0.6090494791666666 0.5537109375000002 0.6090494791666666 0.5678710937500002 0.6243489583333334 0.5678710937500002