0 0.08593750000000007 0.77099609375 0.03092447916666673 0.77099609375 0.03092447916666673 0.83203125 0.08593750000000007 0.83203125
0 0.30468750000000006 0.59033203125 0.27636718750000006 0.59033203125 0.27636718750000006 0.61865234375 0.30468750000000006 0.61865234375
0 0.3525390625 0.57958984375 0.32519531250000006 0.57958984375 0.32519531250000006 0.607421875 0.3525390625 0.607421875
0 0.4026692708333333 0.59423828125 0.3802083333333333 0.59423828125 0.3802083333333333 0.61572265625 0.4026692708333333 0.61572265625
0 0.43359375 0.5625 0.4192708333333333 0.5625 0.4192708333333333 0.58447265625 0.43359375 0.58447265625
0 0.3616536458333333 0.5234375 0.3538411458333333 0.5234375 0.3538411458333333 0.53369140625 0.3616536458333333 0.53369140625
0 0.5517578125 0.52490234375 0.5439453125 0.52490234375 0.5439453125 0.53369140625 0.5517578125 0.53369140625
0 0.6578776041666666 0.5170898437500002 0.6494140625 0.5170898437500002 0.6494140625 0.5288085937500002 0.6578776041666666 0.5288085937500002
0 0.66015625 0.6557617187500002 0.6334635416666666 0.6557617187500002 0.6334635416666666 0.6801757812500002 0.66015625 0.6801757812500002
0 0.736328125 0.6215820312500002 0.7086588541666666 0.6215820312500002 0.7086588541666666 0.6440429687500002 0.736328125 0.6440429687500002
0 0.7858072916666666 0.5952148437500002 0.7574869791666666 0.5952148437500002 0.7574869791666666 0.6210937500000002 0.7858072916666666 0.6210937500000002
0 0.8932291666666666 0.7192382812500002 0.8388671875 0.7192382812500002 0.8388671875 0.7758789062500002 0.8932291666666666 0.7758789062500002
0 0.94140625 0.5844726562500002 0.9189453125 0.5844726562500002 0.9189453125 0.6127929687500002 0.94140625 0.6127929687500002