0 0.09863281250000004 0.62353515625 0.045898437500000056 0.62353515625 0.045898437500000056 0.66796875 0.09863281250000004 0.66796875
0 0.1848958333333334 0.541015625 0.17057291666666674 0.541015625 0.17057291666666674 0.55029296875 0.1848958333333334 0.55029296875
0 0.23535156250000008 0.52734375 0.2102864583333334 0.52734375 0.2102864583333334 0.56201171875 0.23535156250000008 0.56201171875
0 0.28613281250000006 0.7158203125 0.26953125000000006 0.7158203125 0.26953125000000006 0.75830078125 0.28613281250000006 0.75830078125
0 0.4169921875 0.56689453125 0.3974609375 0.56689453125 0.3974609375 0.59033203125 0.4169921875 0.59033203125
0 0.5436197916666666 0.66552734375 0.5071614583333334 0.66552734375 0.5071614583333334 0.7138671875 0.5436197916666666 0.7138671875
0 0.5696614583333334 0.52978515625 0.5618489583333334 0.52978515625 0.5618489583333334 0.5380859375 0.5696614583333334 0.5380859375
0 0.4501953125 0.53955078125 0.4430338541666667 0.53955078125 0.4430338541666667 0.54833984375 0.4501953125 0.54833984375
0 0.6692708333333334 0.5898437500000002 0.6572265625 0.5898437500000002 0.6572265625 0.6108398437500002 0.6692708333333334 0.6108398437500002
0 0.7822265625 0.5922851562500002 0.7623697916666666 0.5922851562500002 0.7623697916666666 0.6142578125000002 0.7822265625 0.6142578125000002
0 0.85546875 0.6186523437500002 0.7978515625 0.6186523437500002 0.7978515625 0.6943359375000002 0.85546875 0.6943359375000002