0 0.16796875000000008 0.68115234375 0.13932291666666674 0.68115234375 0.13932291666666674 0.71923828125 0.16796875000000008 0.71923828125
0 0.21647135416666674 0.6796875 0.18229166666666674 0.6796875 0.18229166666666674 0.71630859375 0.21647135416666674 0.71630859375
0 0.28092447916666674 0.67236328125 0.2513020833333334 0.67236328125 0.2513020833333334 0.70361328125 0.28092447916666674 0.70361328125
0 0.3346354166666667 0.66259765625 0.30338541666666674 0.66259765625 0.30338541666666674 0.69384765625 0.3346354166666667 0.69384765625
0 0.3854166666666667 0.64404296875 0.3697916666666667 0.64404296875 0.3697916666666667 0.67822265625 0.3854166666666667 0.67822265625
0 0.5442708333333334 0.658203125 0.5146484375 0.658203125 0.5146484375 0.69189453125 0.5442708333333334 0.69189453125
0 0.6005859375 0.6875 0.5719401041666666 0.6875 0.5719401041666666 0.72314453125 0.6005859375 0.72314453125
0 0.6806640625 0.6665039062500002 0.6507161458333334 0.6665039062500002 0.6507161458333334 0.6835937500000002 0.6806640625 0.6835937500000002
0 0.7438151041666666 0.6757812500000002 0.7278645833333334 0.6757812500000002 0.7278645833333334 0.6933593750000002 0.7438151041666666 0.6933593750000002
0 0.7711588541666666 0.6503906250000002 0.7418619791666666 0.6503906250000002 0.7418619791666666 0.6899414062500002 0.7711588541666666 0.6899414062500002
0 0.8323567708333334 0.6674804687500002 0.8050130208333334 0.6674804687500002 0.8050130208333334 0.7070312500000002 0.8323567708333334 0.7070312500000002
0 0.9137369791666666 0.6660156250000002 0.87890625 0.6660156250000002 0.87890625 0.7084960937500002 0.9137369791666666 0.7084960937500002