0 0.11013645224171544 0.4951171875 0.07212475633528269 0.4951171875 0.07212475633528269 0.53857421875 0.11013645224171544 0.53857421875
0 0.22157244964262515 0.4873046875 0.20272904483430806 0.4873046875 0.20272904483430806 0.5166015625 0.22157244964262515 0.5166015625
0 0.27030539311241075 0.494140625 0.23586744639376225 0.494140625 0.23586744639376225 0.52783203125 0.27030539311241075 0.52783203125
0 0.32228719948018203 0.51171875 0.28882391163092924 0.51171875 0.28882391163092924 0.54541015625 0.32228719948018203 0.54541015625
0 0.3931124106562703 0.50927734375 0.3586744639376218 0.50927734375 0.3586744639376218 0.5419921875 0.3931124106562703 0.5419921875
0 0.4548408057179987 0.50634765625 0.42105263157894735 0.50634765625 0.42105263157894735 0.5400390625 0.4548408057179987 0.5400390625
0 0.5344379467186485 0.50341796875 0.5006497725795972 0.50341796875 0.5006497725795972 0.537109375 0.5344379467186485 0.537109375
0 0.6046133853151398 0.4941406250000001 0.5685510071474984 0.4941406250000001 0.5685510071474984 0.5297851562500001 0.6046133853151398 0.5297851562500002
0 0.665692007797271 0.5180664062500002 0.6299545159194282 0.5180664062500002 0.6299545159194282 0.5546875000000002 0.665692007797271 0.5546875000000002
0 0.7173489278752436 0.5224609375000002 0.6835607537361923 0.5224609375000002 0.6835607537361923 0.5551757812500002 0.7173489278752436 0.5551757812500002
0 0.7936972059779077 0.5581054687500002 0.7641325536062378 0.5581054687500002 0.7641325536062378 0.5947265625000002 0.7936972059779077 0.5947265625000002
0 0.847953216374269 0.5029296875000002 0.8112410656270306 0.5029296875000002 0.8112410656270306 0.5439453125000002 0.847953216374269 0.5439453125000002