0 0.09602864583333341 0.74365234375 0.026367187500000066 0.74365234375 0.026367187500000066 0.796875 0.09602864583333341 0.796875
0 0.27246093750000006 0.72119140625 0.21679687500000008 0.72119140625 0.21679687500000008 0.76416015625 0.27246093750000006 0.76416015625
0 0.4625651041666667 0.748046875 0.4134114583333333 0.748046875 0.4134114583333333 0.79052734375 0.4625651041666667 0.79052734375
0 0.6129557291666666 0.6547851562500001 0.5719401041666666 0.65478515625 0.5719401041666666 0.6918945312500001 0.6129557291666666 0.6918945312500002
0 0.17968750000000008 0.48095703125 0.1481119791666667 0.48095703125 0.1481119791666667 0.521484375 0.17968750000000008 0.521484375
0 0.4293619791666667 0.3955078125000001 0.4046223958333333 0.3955078125000001 0.4046223958333333 0.4267578125000001 0.4293619791666667 0.4267578125000001
0 0.5240885416666666 0.54931640625 0.490234375 0.54931640625 0.490234375 0.572265625 0.5240885416666666 0.572265625
0 0.724609375 0.4453125000000001 0.6839192708333334 0.4453125000000001 0.6839192708333334 0.4809570312500001 0.724609375 0.4809570312500001
0 0.9111328125 0.5776367187500002 0.8382161458333334 0.5776367187500002 0.8382161458333334 0.6318359375000002 0.9111328125 0.6318359375000002
0 0.576171875 0.4941406250000001 0.5458984375 0.4941406250000001 0.5458984375 0.5234375 0.576171875 0.5234375
0 0.6513671875 0.5820312500000002 0.6276041666666666 0.5820312500000002 0.6276041666666666 0.6079101562500002 0.6513671875 0.6079101562500002