0 0.04296875000000005 0.54541015625 0.0003255208333333779 0.54541015625 0.0003255208333333801 0.599609375 0.042968750000000056 0.599609375
0 0.3245442708333334 0.728515625 0.2962239583333334 0.728515625 0.2962239583333334 0.77734375 0.3245442708333334 0.77734375
0 0.4365234375 0.7783203125 0.3694661458333333 0.7783203125 0.3694661458333333 0.85986328125 0.4365234375 0.85986328125
0 0.1383463541666667 0.55908203125 0.10839843750000004 0.55908203125 0.10839843750000004 0.58203125 0.1383463541666667 0.58203125
0 0.2073567708333334 0.521484375 0.1829427083333334 0.521484375 0.1829427083333334 0.5498046875 0.2073567708333334 0.5498046875
0 0.3626302083333333 0.53466796875 0.34375 0.53466796875 0.34375 0.56201171875 0.3626302083333333 0.56201171875
0 0.3935546875 0.4677734375000001 0.3746744791666667 0.4677734375000001 0.3746744791666667 0.4853515625000001 0.3935546875 0.4853515625000001
0 0.4348958333333333 0.5068359375 0.4069010416666667 0.5068359375 0.4069010416666667 0.537109375 0.4348958333333333 0.537109375
0 0.5055338541666666 0.5185546875 0.4765625 0.5185546875 0.4765625 0.55517578125 0.5055338541666666 0.55517578125
0 0.6282552083333334 0.4565429687500001 0.6080729166666666 0.4565429687500001 0.6080729166666666 0.4809570312500001 0.6282552083333334 0.4809570312500001
0 0.5221354166666666 0.4467773437500001 0.5133463541666666 0.4467773437500001 0.5133463541666666 0.4619140625000001 0.5221354166666666 0.4619140625000001
0 0.5485026041666666 0.65283203125 0.5309244791666666 0.65283203125 0.5309244791666666 0.70458984375 0.5485026041666666 0.70458984375
0 0.6432291666666666 0.4379882812500001 0.6298828125 0.4379882812500001 0.6298828125 0.4526367187500001 0.6432291666666666 0.4526367187500001
0 0.7047526041666666 0.5659179687500002 0.6751302083333334 0.5659179687500002 0.6751302083333334 0.5888671875000002 0.7047526041666666 0.5888671875000002
0 0.7174479166666666 0.4663085937500001 0.7067057291666666 0.4663085937500001 0.7067057291666666 0.4819335937500001 0.7174479166666666 0.4819335937500001
0 0.7451171875 0.4594726562500001 0.7317708333333334 0.4594726562500001 0.7317708333333334 0.4809570312500001 0.7451171875 0.4809570312500001
0 0.8111979166666666 0.6381835937500002 0.7548828125 0.6381835937500002 0.7548828125 0.6962890625000002 0.8111979166666666 0.6962890625000002
0 0.6168619791666666 0.8012695312500001 0.544921875 0.80126953125 0.544921875 0.8886718750000001 0.6168619791666666 0.8886718750000002
0 0.962890625 0.6997070312500002 0.9231770833333334 0.6997070312500002 0.9231770833333334 0.7495117187500002 0.962890625 0.7495117187500002