0 0.1500651041666667 0.552734375 0.07649739583333337 0.552734375 0.07649739583333338 0.61181640625 0.1500651041666667 0.61181640625
0 0.24479166666666674 0.4921875 0.1927083333333334 0.4921875 0.1927083333333334 0.54248046875 0.24479166666666674 0.54248046875
0 0.34375 0.47656250000000006 0.30078125000000006 0.4765625 0.30078125000000006 0.51806640625 0.34375 0.51806640625
0 0.1393229166666667 0.40283203125 0.11751302083333337 0.40283203125 0.11751302083333337 0.42236328125 0.1393229166666667 0.42236328125
0 0.2789713541666667 0.41162109375 0.24772135416666666 0.41162109375 0.24772135416666666 0.431640625 0.2789713541666667 0.431640625
0 0.3844401041666667 0.3881835937500001 0.3619791666666667 0.3881835937500001 0.3619791666666667 0.4057617187500001 0.3844401041666667 0.4057617187500001
0 0.5328776041666666 0.55126953125 0.5146484375 0.55126953125 0.5146484375 0.60888671875 0.5328776041666666 0.60888671875
0 0.6783854166666666 0.5063476562500002 0.6246744791666666 0.5063476562500002 0.6246744791666666 0.5620117187500002 0.6783854166666666 0.5620117187500002
0 0.7981770833333334 0.4975585937500001 0.7412109375 0.4975585937500001 0.7412109375 0.5620117187500002 0.7981770833333334 0.5620117187500002
0 1 0.4960937500000002 0.9583333333333334 0.4960937500000002 0.9583333333333334 0.5395507812500002 1 0.5395507812500002
0 0.5491536458333334 0.3696289062500001 0.53515625 0.3696289062500001 0.53515625 0.3852539062500001 0.5491536458333334 0.3852539062500001