0 0.23600260416666674 0.482421875 0.2132161458333334 0.482421875 0.2132161458333334 0.525390625 0.23600260416666674 0.525390625
0 0.4182942708333333 0.4077148437500001 0.3883463541666667 0.4077148437500001 0.3883463541666667 0.4340820312500001 0.4182942708333333 0.4340820312500001
0 0.3723958333333333 0.50390625 0.3541666666666667 0.50390625 0.3541666666666667 0.54052734375 0.3723958333333333 0.54052734375
0 0.4150390625 0.61767578125 0.37890625 0.61767578125 0.37890625 0.64892578125 0.4150390625 0.64892578125
0 0.3447265625 0.708984375 0.3089192708333334 0.708984375 0.3089192708333334 0.751953125 0.3447265625 0.751953125
0 0.5289713541666666 0.751953125 0.484375 0.751953125 0.484375 0.78955078125 0.5289713541666666 0.78955078125
0 0.6669921875 0.6674804687500002 0.6263020833333334 0.6674804687500002 0.6263020833333334 0.6977539062500002 0.6669921875 0.6977539062500002
0 0.6119791666666666 0.5097656250000001 0.5804036458333334 0.509765625 0.5804036458333334 0.5444335937500001 0.6119791666666666 0.5444335937500002
0 0.5608723958333334 0.56103515625 0.5283203125 0.56103515625 0.5283203125 0.583984375 0.5608723958333334 0.583984375
0 0.7522786458333334 0.4648437500000001 0.7138671875 0.4648437500000001 0.7138671875 0.5019531250000002 0.7522786458333334 0.5019531250000002
0 0.9169921875 0.5400390625000002 0.8525390625 0.5400390625000002 0.8525390625 0.5947265625000002 0.9169921875 0.5947265625000002