0 0.21061197916666674 0.50732421875 0.18717447916666674 0.50732421875 0.18717447916666674 0.5244140625 0.21061197916666674 0.5244140625
0 0.19694010416666674 0.63330078125 0.14778645833333337 0.63330078125 0.14778645833333337 0.666015625 0.19694010416666674 0.666015625
0 0.29003906250000006 0.5986328125 0.2503255208333334 0.5986328125 0.2503255208333334 0.6337890625 0.29003906250000006 0.6337890625
0 0.3385416666666667 0.57958984375 0.31412760416666674 0.57958984375 0.31412760416666674 0.61669921875 0.3385416666666667 0.61669921875
0 0.3714192708333333 0.4995117187500001 0.3515625 0.4995117187500001 0.3515625 0.52099609375 0.3714192708333333 0.52099609375
0 0.24023437500000008 0.49462890625 0.2239583333333334 0.49462890625 0.2239583333333334 0.5107421875 0.24023437500000008 0.5107421875
0 0.21842447916666674 0.46484375 0.2063802083333334 0.46484375 0.2063802083333334 0.4755859375 0.21842447916666674 0.4755859375
0 0.5 0.69970703125 0.4635416666666667 0.69970703125 0.4635416666666667 0.74267578125 0.5 0.74267578125
0 0.6155598958333334 0.6362304687500001 0.5680338541666666 0.63623046875 0.5680338541666666 0.6889648437500001 0.6155598958333334 0.6889648437500002
0 0.72265625 0.6435546875000002 0.6783854166666666 0.6435546875000002 0.6783854166666666 0.6953125000000002 0.72265625 0.6953125000000002
0 0.74609375 0.6528320312500002 0.7298177083333334 0.6528320312500002 0.7298177083333334 0.6918945312500002 0.74609375 0.6918945312500002
0 0.6627604166666666 0.6025390625000002 0.642578125 0.6025390625000002 0.642578125 0.6459960937500002 0.6627604166666666 0.6459960937500002
0 0.5432942708333334 0.568359375 0.5244140625 0.568359375 0.5244140625 0.60498046875 0.5432942708333334 0.60498046875
0 0.5166015625 0.54443359375 0.5055338541666666 0.54443359375 0.5055338541666666 0.568359375 0.5166015625 0.568359375
0 0.6787109375 0.5009765625000002 0.6624348958333334 0.5009765625000002 0.6624348958333334 0.5175781250000002 0.6787109375 0.5175781250000002
0 0.8942057291666666 0.6694335937500002 0.8391927083333334 0.6694335937500002 0.8391927083333334 0.7285156250000002 0.8942057291666666 0.7285156250000002
0 0.9736328125 0.6577148437500002 0.9166666666666666 0.6577148437500002 0.9166666666666666 0.7124023437500002 0.9736328125 0.7124023437500002