0 0.3531746031746032 0.6637673956262425 0.27943121693121703 0.6637673956262425 0.27943121693121703 0.7408051689860835 0.3531746031746032 0.7408051689860835
0 0.22470238095238101 0.5432405566600398 0.1823743386243387 0.5432405566600398 0.1823743386243387 0.5976640159045725 0.22470238095238101 0.5976640159045725
0 0.18336640211640212 0.3966202783300199 0.16848544973544977 0.3966202783300199 0.16848544973544977 0.4259443339960239 0.18336640211640212 0.4259443339960239
0 0.4624669312169312 0.40084493041749514 0.4416335978835979 0.40084493041749514 0.4416335978835979 0.4264413518886681 0.4624669312169312 0.4264413518886681
0 0.5160383597883598 0.4540258449304176 0.4775132275132275 0.4540258449304176 0.4775132275132275 0.5064612326043739 0.5160383597883598 0.5064612326043739
0 0.5982142857142857 0.40929423459244546 0.5808531746031746 0.40929423459244546 0.5808531746031746 0.43215705765407564 0.5982142857142857 0.43215705765407564
0 0.701058201058201 0.4783797216699802 0.6536044973544973 0.4783797216699802 0.6536044973544973 0.5407554671968193 0.701058201058201 0.5407554671968193
0 0.8108465608465608 0.39537773359840966 0.779431216931217 0.39537773359840966 0.779431216931217 0.43215705765407564 0.8108465608465608 0.43215705765407564
0 0.8705357142857143 0.37176938369781326 0.8414351851851852 0.37176938369781326 0.8414351851851852 0.40159045725646136 0.8705357142857143 0.40159045725646136
0 0.9700727513227513 0.3856858846918491 0.9456018518518519 0.3856858846918491 0.9456018518518519 0.40556660039761455 0.9700727513227513 0.40556660039761455
0 0.3860780423280423 0.40854870775347923 0.3645833333333333 0.40854870775347923 0.3645833333333333 0.44259443339960247 0.3860780423280423 0.44259443339960247