0 0.10300000000000004 0.47025 0.07066666666666671 0.47025 0.07066666666666671 0.50275 0.10300000000000004 0.50275
0 0.24833333333333332 0.41425 0.22383333333333333 0.41425 0.22383333333333333 0.444 0.24833333333333332 0.444
0 0.3023333333333334 0.5025 0.25966666666666677 0.5025 0.25966666666666677 0.53575 0.3023333333333334 0.53575
0 0.4085 0.4965000000000001 0.37716666666666665 0.4965000000000001 0.37716666666666665 0.53075 0.4085 0.53075
0 0.37383333333333335 0.3862500000000001 0.3581666666666667 0.3862500000000001 0.3581666666666667 0.40900000000000014 0.37383333333333335 0.40900000000000014
0 0.4548333333333333 0.4072500000000001 0.44316666666666665 0.4072500000000001 0.44316666666666665 0.4270000000000001 0.4548333333333333 0.4270000000000001
0 0.5088333333333334 0.4220000000000001 0.487 0.4220000000000001 0.487 0.4455000000000001 0.5088333333333334 0.4455000000000001
0 0.6528333333333334 0.4217500000000001 0.6316666666666667 0.4217500000000001 0.6316666666666667 0.4470000000000001 0.6528333333333334 0.4470000000000001
0 0.9081666666666667 0.5100000000000001 0.8718333333333333 0.5100000000000001 0.8718333333333333 0.5502500000000002 0.9081666666666667 0.5502500000000002
0 0.8506666666666667 0.4547500000000001 0.8261666666666667 0.4547500000000001 0.8261666666666667 0.4792500000000001 0.8506666666666667 0.4792500000000001
0 1 0.5415000000000002 0.983 0.5415000000000002 0.983 0.5750000000000002 1 0.5750000000000002
0 0.43433333333333335 0.3572500000000001 0.4221666666666667 0.3572500000000001 0.4221666666666667 0.3725000000000001 0.43433333333333335 0.3725000000000001
0 0.3478333333333333 0.3442500000000001 0.33716666666666667 0.3442500000000001 0.33716666666666667 0.3532500000000001 0.3478333333333333 0.3532500000000001
0 0.2638333333333333 0.375 0.25683333333333336 0.375 0.25683333333333336 0.396 0.2638333333333333 0.396