0 0.015555555555555605 0.5883333333333334 0.0003703703703704184 0.5883333333333334 0.0003703703703704202 0.6333333333333333 0.015555555555555609 0.6333333333333333
0 0.3392592592592593 0.6466666666666666 0.29666666666666675 0.6466666666666666 0.29666666666666675 0.6966666666666667 0.3392592592592593 0.6966666666666667
0 0.3033333333333334 0.5216666666666666 0.28444444444444456 0.5216666666666666 0.28444444444444456 0.5555555555555556 0.3033333333333334 0.5555555555555556
0 0.3851851851851852 0.915 0.32925925925925936 0.915 0.32925925925925936 0.9911111111111112 0.3851851851851852 0.9911111111111112
0 0.47888888888888886 0.5816666666666667 0.44333333333333336 0.5816666666666667 0.44333333333333336 0.64 0.47888888888888886 0.64
0 0.61 0.5877777777777777 0.5707407407407408 0.5877777777777777 0.5707407407407408 0.6305555555555555 0.61 0.6305555555555555
0 0.674074074074074 0.5061111111111113 0.6407407407407407 0.5061111111111113 0.6407407407407407 0.543888888888889 0.674074074074074 0.543888888888889
0 0.8107407407407408 0.5583333333333335 0.7770370370370371 0.5583333333333335 0.7770370370370371 0.5933333333333336 0.8107407407407408 0.5933333333333336
0 0.7633333333333333 0.498888888888889 0.7359259259259259 0.498888888888889 0.7359259259259259 0.5283333333333334 0.7633333333333333 0.5283333333333334
0 0.9603703703703703 0.5011111111111113 0.9351851851851852 0.5011111111111113 0.9351851851851852 0.5322222222222224 0.9603703703703703 0.5322222222222224
0 0.9288888888888889 0.43222222222222234 0.9122222222222223 0.43222222222222234 0.9122222222222223 0.46222222222222237 0.9288888888888889 0.46222222222222237
0 0.825925925925926 0.4216666666666668 0.8162962962962963 0.4216666666666668 0.8162962962962963 0.4405555555555557 0.825925925925926 0.4405555555555557
0 0.74 0.40444444444444455 0.7214814814814815 0.40444444444444455 0.7214814814814815 0.4277777777777779 0.74 0.4277777777777779
0 0.5159259259259259 0.4127777777777779 0.49962962962962965 0.4127777777777779 0.49962962962962965 0.4350000000000001 0.5159259259259259 0.4350000000000001
0 0.4 0.41444444444444456 0.3814814814814815 0.41444444444444456 0.3814814814814815 0.4405555555555557 0.4 0.4405555555555557
0 0.3511111111111111 0.46777777777777785 0.3403703703703704 0.4677777777777778 0.3403703703703704 0.4977777777777778 0.3511111111111111 0.49777777777777793