0 0.21409574468085113 0.7315737051792829 0.18018617021276603 0.7315737051792829 0.18018617021276603 0.7798804780876494 0.21409574468085113 0.7798804780876494
0 0.1515957446808511 0.6384462151394422 0.12799202127659579 0.6384462151394422 0.12799202127659579 0.6618525896414342 0.1515957446808511 0.6618525896414342
0 0.29687500000000006 0.7420318725099602 0.2676196808510639 0.7420318725099602 0.2676196808510639 0.8017928286852589 0.29687500000000006 0.8017928286852589
0 0.2805851063829788 0.6210159362549801 0.2616356382978724 0.6210159362549801 0.2616356382978724 0.6508964143426295 0.2805851063829788 0.6508964143426295
0 0.3803191489361702 0.5921314741035857 0.355718085106383 0.5921314741035857 0.355718085106383 0.6120517928286853 0.3803191489361702 0.6120517928286853
0 0.39561170212765956 0.506972111553785 0.38563829787234044 0.506972111553785 0.38563829787234044 0.525398406374502 0.39561170212765956 0.525398406374502
0 0.484375 0.5353585657370518 0.465093085106383 0.5353585657370518 0.465093085106383 0.5602589641434262 0.484375 0.5602589641434262
0 0.5232712765957447 0.5099601593625498 0.5096409574468085 0.5099601593625498 0.5096409574468085 0.5288844621513944 0.5232712765957447 0.5288844621513944
0 0.36103723404255317 0.5293824701195219 0.3484042553191489 0.5293824701195219 0.3484042553191489 0.5493027888446215 0.36103723404255317 0.5493027888446215
0 0.5555186170212766 0.5403386454183267 0.535904255319149 0.5403386454183267 0.535904255319149 0.5667330677290837 0.5555186170212766 0.5667330677290837
0 0.5751329787234043 0.5139442231075697 0.5581781914893617 0.5139442231075697 0.5581781914893617 0.5343625498007968 0.5751329787234043 0.5343625498007968
0 0.6193484042553191 0.5727091633466137 0.5990691489361702 0.5727091633466136 0.5990691489361702 0.5971115537848607 0.6193484042553191 0.5971115537848608
0 0.676529255319149 0.5771912350597612 0.6539228723404256 0.5771912350597612 0.6539228723404256 0.6015936254980082 0.676529255319149 0.6015936254980082
0 0.7662898936170213 0.5986055776892433 0.742686170212766 0.5986055776892433 0.742686170212766 0.6269920318725102 0.7662898936170213 0.6269920318725102
0 0.7117686170212766 0.5263944223107572 0.6961436170212766 0.5263944223107572 0.6961436170212766 0.5418326693227093 0.7117686170212766 0.5418326693227093
0 0.8065159574468085 0.5781872509960162 0.7972074468085106 0.5781872509960162 0.7972074468085106 0.5986055776892433 0.8065159574468085 0.5986055776892433
0 0.6549202127659575 0.5338645418326695 0.6399601063829787 0.5338645418326695 0.6399601063829787 0.5517928286852591 0.6549202127659575 0.5517928286852591
0 0.6353058510638298 0.4915338645418328 0.6263297872340425 0.4915338645418328 0.6263297872340425 0.50597609561753 0.6353058510638298 0.50597609561753
0 0.7393617021276596 0.4870517928286854 0.7280585106382979 0.4870517928286854 0.7280585106382979 0.5000000000000001 0.7393617021276596 0.5000000000000001
0 0.7666223404255319 0.4706175298804782 0.7553191489361702 0.4706175298804782 0.7553191489361702 0.481573705179283 0.7666223404255319 0.481573705179283
0 0.7061170212765957 0.4367529880478089 0.699468085106383 0.4367529880478089 0.699468085106383 0.4452191235059762 0.7061170212765957 0.4452191235059762
0 0.6585771276595744 0.4357569721115539 0.6552526595744681 0.4357569721115539 0.6552526595744681 0.44272908366533875 0.6585771276595744 0.44272908366533875
0 0.6226728723404256 0.43824701195219135 0.616688829787234 0.43824701195219135 0.616688829787234 0.44372509960159373 0.6226728723404256 0.44372509960159373
0 0.6313164893617021 0.43376494023904394 0.6279920212765957 0.43376494023904394 0.6279920212765957 0.43874501992031884 0.6313164893617021 0.43874501992031884
0 0.5867686170212766 0.430776892430279 0.581781914893617 0.430776892430279 0.581781914893617 0.43774900398406386 0.5867686170212766 0.43774900398406386
0 0.5644946808510638 0.430776892430279 0.5601728723404256 0.430776892430279 0.5601728723404256 0.43774900398406386 0.5644946808510638 0.43774900398406386
0 0.5561835106382979 0.4252988047808766 0.5492021276595744 0.4252988047808766 0.5492021276595744 0.43326693227091645 0.5561835106382979 0.43326693227091645
0 0.5139627659574468 0.45766932270916344 0.5029920212765957 0.45766932270916344 0.5029920212765957 0.4721115537848607 0.5139627659574468 0.4721115537848607
0 0.49601063829787234 0.44322709163346624 0.4867021276595745 0.44322709163346624 0.4867021276595745 0.4536852589641435 0.49601063829787234 0.4536852589641435
0 0.4617686170212766 0.48804780876494036 0.4557845744680851 0.48804780876494036 0.4557845744680851 0.5004980079681276 0.4617686170212766 0.5004980079681276
0 0.43550531914893614 0.47011952191235074 0.425531914893617 0.47011952191235074 0.425531914893617 0.4820717131474105 0.43550531914893614 0.4820717131474105
0 0.488031914893617 0.4078685258964145 0.48371010638297873 0.4078685258964145 0.48371010638297873 0.41334661354581687 0.488031914893617 0.41334661354581687
0 0.504654255319149 0.403386454183267 0.5006648936170213 0.403386454183267 0.5006648936170213 0.40836653386454197 0.504654255319149 0.40836653386454197
0 0.5222739361702128 0.3944223107569722 0.5182845744680851 0.3944223107569722 0.5182845744680851 0.3994023904382471 0.5222739361702128 0.3994023904382471
0 0.5259308510638298 0.42878486055776904 0.5222739361702128 0.42878486055776904 0.5222739361702128 0.4362549800796814 0.5259308510638298 0.4362549800796814