0 0.4826388888888889 0.9492872807017544 0.4475511695906433 0.9492872807017544 0.4475511695906433 0.9860197368421053 0.4826388888888889 0.9860197368421053
0 0.5074926900584795 0.8530701754385965 0.47441520467836257 0.8530701754385965 0.47441520467836257 0.8862390350877193 0.5074926900584795 0.8862390350877193
0 0.6043494152046783 0.7310855263157895 0.5791301169590644 0.7310855263157895 0.5791301169590644 0.7582236842105263 0.6043494152046783 0.7582236842105263
0 0.6394371345029239 0.7165570175438597 0.6237207602339181 0.7165570175438597 0.6237207602339181 0.7401315789473685 0.6394371345029239 0.7401315789473685
0 0.6006944444444444 0.6115679824561403 0.5796783625730995 0.6115679824561403 0.5796783625730995 0.6321271929824561 0.6006944444444444 0.6321271929824561
0 0.5370979532163743 0.6661184210526315 0.5219298245614035 0.6661184210526315 0.5219298245614035 0.6885964912280702 0.5370979532163743 0.6885964912280702
0 0.4338450292397661 0.7702850877192983 0.4069809941520468 0.7702850877192983 0.4069809941520468 0.796875 0.4338450292397661 0.796875
0 0.5120614035087719 0.7113486842105263 0.49433479532163743 0.7113486842105263 0.49433479532163743 0.7382127192982456 0.5120614035087719 0.7382127192982456
0 0.4727704678362573 0.6535087719298246 0.46016081871345027 0.6535087719298246 0.46016081871345027 0.6729714912280702 0.4727704678362573 0.6729714912280702
0 0.4919590643274854 0.5679824561403509 0.4788011695906433 0.5679824561403509 0.4788011695906433 0.5825109649122807 0.4919590643274854 0.5825109649122807
0 0.5466008771929824 0.5482456140350879 0.5314327485380117 0.5482456140350879 0.5314327485380117 0.5657894736842105 0.5466008771929824 0.5657894736842105