0 0.6703216374269005 0.8103070175438597 0.6398026315789473 0.8103070175438597 0.6398026315789473 0.8434758771929824 0.6703216374269005 0.8434758771929824
0 0.6050804093567251 0.7404057017543859 0.5815058479532164 0.7404057017543859 0.5815058479532164 0.7637061403508771 0.6050804093567251 0.7637061403508771
0 0.43201754385964913 0.7853618421052632 0.40807748538011696 0.7853618421052632 0.40807748538011696 0.8144188596491229 0.43201754385964913 0.8144188596491229
0 0.5679824561403509 0.6902412280701754 0.5509868421052632 0.6902412280701754 0.5509868421052632 0.7086074561403509 0.5679824561403509 0.7086074561403509
0 0.5184576023391813 0.6444627192982456 0.5016447368421053 0.6444627192982456 0.5016447368421053 0.6614583333333334 0.5184576023391813 0.6614583333333334
0 0.5431286549707602 0.6269188596491229 0.5332602339181286 0.6269188596491229 0.5332602339181286 0.6469298245614035 0.5431286549707602 0.6469298245614035
0 0.6611842105263158 0.6252741228070176 0.6438230994152047 0.6252741228070176 0.6438230994152047 0.6450109649122807 0.6611842105263158 0.6450109649122807
0 0.6109283625730995 0.6398026315789473 0.5994152046783626 0.6398026315789473 0.5994152046783626 0.6513157894736842 0.6109283625730995 0.6513157894736842
0 0.7013888888888888 0.610745614035088 0.6873172514619883 0.610745614035088 0.6873172514619883 0.6260964912280704 0.7013888888888888 0.6260964912280704
0 0.5398391812865497 0.548793859649123 0.5285087719298246 0.548793859649123 0.5285087719298246 0.5614035087719298 0.5398391812865497 0.5614035087719298
0 0.5243055555555556 0.5246710526315791 0.512609649122807 0.5246710526315791 0.512609649122807 0.5370065789473686 0.5243055555555556 0.5370065789473686
0 0.5007309941520468 0.5504385964912282 0.48921783625730997 0.5504385964912282 0.48921783625730997 0.5622258771929824 0.5007309941520468 0.5622258771929824
0 0.658077485380117 0.4972587719298247 0.6509502923976608 0.4972587719298247 0.6509502923976608 0.5057565789473686 0.658077485380117 0.5057565789473686
0 0.6096491228070176 0.4917763157894738 0.6001461988304093 0.4917763157894738 0.6001461988304093 0.5027412280701755 0.6096491228070176 0.5027412280701755
0 0.5639619883040936 0.4991776315789475 0.5539108187134503 0.4991776315789475 0.5539108187134503 0.5098684210526317 0.5639619883040936 0.5098684210526317
0 0.24817251461988313 0.9394188596491229 0.2127192982456141 0.9394188596491229 0.2127192982456141 0.9810855263157895 0.24817251461988313 0.9810855263157895