0 0.09756944444444449 0.50390625 0.04253472222222226 0.50390625 0.042534722222222265 0.5734375 0.09756944444444449 0.5734375
0 0.1743055555555556 0.6114583333333333 0.1588541666666667 0.6114583333333333 0.1588541666666667 0.63671875 0.1743055555555556 0.63671875
0 0.22916666666666674 0.5875 0.20555555555555563 0.5875 0.20555555555555563 0.6236979166666666 0.22916666666666674 0.6236979166666666
0 0.28993055555555564 0.60234375 0.2765625000000001 0.60234375 0.2765625000000001 0.6239583333333333 0.28993055555555564 0.6239583333333333
0 0.3314236111111112 0.5205729166666667 0.2944444444444445 0.5205729166666667 0.2944444444444445 0.5627604166666667 0.3314236111111112 0.5627604166666667
0 0.3920138888888889 0.6247395833333333 0.37517361111111114 0.6247395833333333 0.37517361111111114 0.64765625 0.3920138888888889 0.64765625
0 0.5576388888888889 0.49843750000000014 0.5154513888888889 0.49843750000000014 0.5154513888888889 0.5497395833333333 0.5576388888888889 0.5497395833333333
0 0.6963541666666667 0.5497395833333336 0.6772569444444444 0.5497395833333336 0.6772569444444444 0.5697916666666669 0.6963541666666667 0.5697916666666669
0 0.9817708333333334 0.48958333333333354 0.9213541666666667 0.4895833333333334 0.9213541666666667 0.5479166666666669 0.9817708333333334 0.5479166666666669
0 0.7310763888888889 0.6028645833333336 0.7171875 0.6028645833333336 0.7171875 0.6184895833333336 0.7310763888888889 0.6184895833333336
0 0.8204861111111111 0.6049479166666669 0.8100694444444444 0.6049479166666669 0.8100694444444444 0.6166666666666669 0.8204861111111111 0.6166666666666669
0 0.4574652777777778 0.6270833333333333 0.44600694444444444 0.6270833333333333 0.44600694444444444 0.6385416666666667 0.4574652777777778 0.6385416666666667